100
12318467
1900226500
5750715724
3443429358
8088624464
1711528145
6984316827
2988300491
898511942
1448105436
9717314604
1170600153
87612382
5226318716
5915419895
1634121726
4431311538
560719912
7700126299
5110509894
8610923811
9396630333
5301904664
4542307711
8475906868
7664127644
9798632757
6011112859
2616909741
8258700778
3694803035
6657001842
86430106
2712008942
5779222648
8233823805
4767006729
7311015350
4501831101
7317903548
5888712623
7225219954
5626811840
1489807376
4179326308
5083232439
7387811323
1661121538
4835402082
6878716541
1449931115
1391729658
6811209930
4193102306
9501922386
1506328745
8077219072
1881005829
8033115573
1529116512
7195813290
2748318636
6706524767
7096515574
1209312052
8205001150
5082321724
4189803430
9332130191
5402111337
4637112287
8325910383
4483508909
9662709758
7266318588
1926624946
8251813030
4923929168
270032591
5628601655
5223006359
8287220537
6464406483
8278504041
1080624350
3087330836
2812211020
1378824021
8204423199
5900424484
2484304734
15901999
7925427938
2070003788
5438100467
1118414893
7394422483
5342102421
4293006617
6843909514
