100
8230200169
2655920423
2514912251
1953000301
7449012052
2775928452
9138611933
4697718542
4632612368
8852725544
7644914344
3086705128
5836524662
2653200616
5129110102
9135300802
6533102177
953106205
1809013539
4912805798
559200528
8264108578
7959324435
6478828611
5037926791
5201404089
8008526602
6167107787
2969723759
1971908551
9421223347
9489332726
103822129
9537917939
9252011482
9367511518
9309601887
7092305964
6164724977
5833531009
1768219916
4149624032
8765418862
2381700066
1938914030
650410405
926419371
8464517831
1885804323
2358929428
1729516038
8810125180
9548103689
3082823337
3757221727
7698617327
4848630757
2531726916
6001205693
737731154
250828605
822625803
3762327336
1935305565
9154816958
8966715494
4357813616
8100906377
778519095
6510931681
9648332069
8716229334
8636425627
3633020846
4710310877
1947903813
9235527907
1242909856
1803320081
6972630015
3519622762
6381617521
2009432608
3805230412
6158121327
4610403005
2336117067
7065327901
1652729207
7360514949
8965801879
8261102051
4895430728
7116917005
7493712430
2862311605
74110063
7566012382
8126712319
3855626158
